"BWG","20150120","17.14","17.21","16.83","17","121755"
"BWG","20150121","16.97","17.08","16.85","16.99","104830"
"BWG","20150122","17.08","17.14","16.97","17.12","67633"
"BWG","20150123","17.05","17.24","17.05","17.2","44435"
"BWG","20150126","17.3","17.32","17.12","17.13","110730"
"BWG","20150127","17.11","17.25","17.11","17.24","92510"
"BWG","20150128","17.36","17.44","17.23","17.35","53677"
"BWG","20150129","17.42","17.42","17.14","17.33","75847"
"BWG","20150130","17.3","17.35","17.2101","17.32","56608"
"BWG","20150202","17.35","17.4699","17.25","17.37","52032"
"BWG","20150203","17.33","17.49","17.31","17.47","58339"
"BWG","20150204","17.41","17.4799","17.31","17.39","46558"
"BWG","20150205","17.43","17.45","17.3","17.45","77356"
"BWG","20150206","17.39","17.41","17.1","17.15","83262"
"BWG","20150209","17.14","17.21","16.96","17.11","90153"
"BWG","20150210","17.12","17.12","17","17.11","78992"
"BWG","20150211","17","17.09","16.88","16.89","85600"
"BWG","20150212","16.93","16.98","16.85","16.91","59421"
"BWG","20150213","16.9","16.98","16.9","16.95","46164"
"BWG","20150217","16.94","16.94","16.51","16.56","183686"
"BWG","20150218","16.55","16.7052","16.5201","16.683","74087"
"BWG","20150219","16.74","16.75","16.71","16.71","52270"
"BWG","20150220","16.76","16.85","16.68","16.85","61802"
"BWG","20150223","16.85","16.87","16.73","16.74","45032"
"BWG","20150224","16.71","16.99","16.71","16.98","63836"
"BWG","20150225","16.99","17.08","16.95","17","44528"
"BWG","20150226","16.96","17.16","16.92","17.05","162786"
"BWG","20150227","17.12","17.1232","16.98","17.09","54811"
"BWG","20150302","17.22","17.22","17","17.09","44839"
"BWG","20150303","16.97","17.07","16.91","17.07","48989"
"BWG","20150304","16.95","16.95","16.74","16.74","95149"
"BWG","20150305","16.76","16.8499","16.7","16.75","72393"
"BWG","20150306","16.74","16.74","16.4501","16.56","82529"
"BWG","20150309","16.28","16.3845","16.15","16.22","175002"
"BWG","20150310","16.16","16.21","16.04","16.1399","78887"
"BWG","20150311","16.08","16.18","16.05","16.095","68165"
"BWG","20150312","16.17","16.34","16.14","16.19","64807"
"BWG","20150313","16.15","16.15","15.95","15.98","43485"
"BWG","20150316","16","16.05","15.83","15.96","55715"
"BWG","20150317","15.91","15.91","15.7","15.78","134044"
"BWG","20150318","15.71","15.95","15.6","15.82","74546"
"BWG","20150319","15.84","15.92","15.71","15.77","51920"
"BWG","20150320","15.82","15.97","15.77","15.94","98789"
"BWG","20150323","16","16.08","15.99","16.06","113650"
"BWG","20150324","16.03","16.34","16.03","16.15","141080"
"BWG","20150325","16.21","16.38","16.21","16.32","144324"
"BWG","20150326","16.2","16.24","16.15","16.2","81090"
"BWG","20150327","16.21","16.23","16.15","16.17","100175"
"BWG","20150330","16.18","16.22","16.1","16.14","55968"
"BWG","20150331","16.09","16.25","15.93","15.93","91702"
"BWG","20150401","15.84","16.2","15.84","16.05","159929"
"BWG","20150402","16","16.15","16","16.12","148111"
"BWG","20150406","16.14","16.32","16.14","16.29","89418"
"BWG","20150407","16.26","16.51","16.26","16.4","73560"
"BWG","20150408","16.4","16.55","16.39","16.4","123532"
"BWG","20150409","16.44","16.56","16.44","16.47","67175"
"BWG","20150410","16.45","16.46","16.31","16.35","91070"
"BWG","20150413","16.33","16.4","16.25","16.31","74564"
"BWG","20150414","16.27","16.28","16.15","16.26","102920"
"BWG","20150415","16.16","16.31","16.11","16.27","71780"
"BWG","20150416","16.27","16.34","16.25","16.28","55652"
"BWG","20150417","16.25","16.2803","16.13","16.22","117479"
"BWG","20150420","16.21","16.29","16.16","16.21","81748"
"BWG","20150421","16.21","16.3","16.1974","16.29","47290"
"BWG","20150422","16.29","16.31","16.205","16.28","52951"
"BWG","20150423","16.26","16.28","16.21","16.28","77641"
"BWG","20150424","16.27","16.3099","16.26","16.29","74175"
"BWG","20150427","16.29","16.3","16.21","16.21","108159"
"BWG","20150428","16.22","16.31","16.21","16.28","75969"
"BWG","20150429","16.28","16.3099","16.25","16.3","82341"
"BWG","20150430","16.25","16.34","16.21","16.3","84049"
"BWG","20150501","16.28","16.32","16.24","16.24","58698"
"BWG","20150504","16.22","16.26","16.02","16.06","82975"
"BWG","20150505","16.02","16.11","15.881","16.03","134399"
"BWG","20150506","16.1","16.1","15.91","15.95","66174"
"BWG","20150507","15.91","15.91","15.73","15.81","97554"
"BWG","20150508","15.9","15.9083","15.75","15.76","61291"
"BWG","20150511","15.77","15.89","15.77","15.83","74850"
"BWG","20150512","15.73","15.8","15.61","15.72","70082"
"BWG","20150513","15.72","16.1","15.7","16.03","147297"
"BWG","20150514","16.05","16.18","15.91","15.99","73906"
"BWG","20150515","15.99","16.06","15.92","16.04","46910"
"BWG","20150518","16.04","16.16","16.03","16.16","35593"
"BWG","20150519","16.06","16.0725","15.97","16.01","57715"
"BWG","20150520","15.87","15.97","15.79","15.81","96285"
"BWG","20150521","15.79","15.9","15.72","15.73","93245"
"BWG","20150522","15.72","15.79","15.696","15.74","75898"
"BWG","20150526","15.68","15.7999","15.62","15.65","71559"
"BWG","20150527","15.61","15.65","15.48","15.6332","113367"
"BWG","20150528","15.54","15.59","15.49","15.55","69110"
"BWG","20150529","15.52","15.6","15.5","15.5","75233"
"BWG","20150601","15.51","15.58","15.5","15.5321","54265"
"BWG","20150602","15.49","15.52","15.43","15.44","88028"
"BWG","20150603","15.37","15.43","15.11","15.11","128274"
"BWG","20150604","15.11","15.21","15","15.02","61256"
"BWG","20150605","14.93","15.021","14.76","14.7999","85763"
"BWG","20150608","14.79","14.9","14.65","14.72","77764"
"BWG","20150609","14.77","14.86","14.61","14.62","131297"
"BWG","20150610","14.74","15.0599","14.64","14.87","156799"
"BWG","20150611","14.85","14.95","14.699","14.91","147442"
"BWG","20150612","14.86","14.955","14.821","14.84","60903"
"BWG","20150615","14.87","14.87","14.75","14.85","92567"
"BWG","20150616","14.84","14.91","14.769","14.89","111282"
"BWG","20150617","14.36","14.5397","14.31","14.5","144198"
"BWG","20150618","14.52","14.581","14.49","14.52","174066"
"BWG","20150619","14.42","14.56","14.4","14.4","86664"
"BWG","20150622","14.46","14.56","14.42","14.49","144454"
"BWG","20150623","14.51","14.78","14.451","14.76","157498"
"BWG","20150624","14.75","14.78","14.57","14.6","131405"
"BWG","20150625","14.65","14.69","14.43","14.47","122968"
"BWG","20150626","14.49","14.54","14.37","14.53","168690"
"BWG","20150629","14.39","14.46","14","14.04","278268"
"BWG","20150630","14.06","14.26","14.06","14.23","92632"
"BWG","20150701","14.27","14.32","14.149","14.2","131129"
"BWG","20150702","14.19","14.301","14.085","14.25","164044"
"BWG","20150706","14.14","14.235","14.0402","14.16","136351"
"BWG","20150707","14.16","14.16","14.08","14.13","63841"
"BWG","20150708","13.93","14.12","13.88","14.07","169508"
"BWG","20150709","14.18","14.3","14.15","14.23","82938"
"BWG","20150710","14.28","14.35","14.23","14.25","48570"
"BWG","20150713","14.24","14.39","14.24","14.37","44572"
"BWG","20150714","14.37","14.4","14.33","14.33","39971"
"BWG","20150715","14.33","14.36","14.27","14.32","70292"
"BWG","20150716","14.28","14.381","14.25","14.35","73956"
"BWG","20150717","14.35","14.411","14.19","14.21","101503"
"BWG","20150720","14.25","14.25","13.98","14.02","89775"
"BWG","20150721","13.98","14.06","13.95","13.98","53479"
"BWG","20150722","13.88","13.9699","13.8601","13.89","99980"
"BWG","20150723","13.85","13.92","13.72","13.74","48448"
"BWG","20150724","13.7","13.7472","13.54","13.58","72863"
"BWG","20150727","13.49","13.56","13.26","13.29","81028"
"BWG","20150728","13.3","13.59","13.3","13.58","70969"
"BWG","20150729","13.48","13.54","13.4","13.43","97782"
"BWG","20150730","13.41","13.55","13.41","13.5","35028"
"BWG","20150731","13.57","13.668","13.45","13.52","115046"
"BWG","20150803","13.51","13.65","13.48","13.51","135032"
"BWG","20150804","13.48","13.59","13.48","13.52","41257"
"BWG","20150805","13.49","13.66","13.41","13.43","83436"
"BWG","20150806","13.42","13.49","13.3","13.33","122683"
"BWG","20150807","13.31","13.35","13.19","13.26","57493"
"BWG","20150810","13.26","13.4296","13.26","13.39","76049"
"BWG","20150811","13.2","13.4","13.1701","13.26","37340"
"BWG","20150812","13.23","13.334","13.23","13.33","63029"
"BWG","20150813","13.33","13.33","13.28","13.31","49182"
"BWG","20150814","13.31","13.38","13.29","13.36","60436"
"BWG","20150817","13.28","13.37","13.2","13.26","61846"
"BWG","20150818","13.26","13.38","13.08","13.28","63825"
"BWG","20150819","13.07","13.24","13.05","13.08","79121"
"BWG","20150820","12.83","13.04","12.83","13.03","101423"
"BWG","20150821","12.96","13","12.76","12.79","97971"
"BWG","20150824","12.49","12.55","12.09","12.33","114980"
"BWG","20150825","12.51","12.66","12.43","12.52","69362"
"BWG","20150826","12.55","12.55","12.35","12.52","106162"
"BWG","20150827","12.53","12.64","12.47","12.55","139891"
"BWG","20150828","12.55","12.91","12.5","12.9","235595"
"BWG","20150831","12.74","12.9","12.67","12.75","58667"
"BWG","20150901","12.43","12.68","12.43","12.66","65777"
"BWG","20150902","12.68","12.68","12.48","12.55","57570"
"BWG","20150903","12.54","12.6","12.51","12.6","49792"
"BWG","20150904","12.59","12.59","12.26","12.27","82135"
"BWG","20150908","12.34","12.4","12.22","12.25","131369"
"BWG","20150909","12.25","12.42","12.25","12.35","63078"
"BWG","20150910","12.36","12.38","12.31","12.35","29418"
"BWG","20150911","12.2","12.35","12.2","12.3","51629"
"BWG","20150914","12.22","12.27","12.2","12.23","43104"
"BWG","20150915","12.16","12.2787","12.05","12.12","76054"
"BWG","20150916","11.96","12.07","11.76","11.93","177598"
"BWG","20150917","11.88","12.22","11.8624","12.21","78850"
"BWG","20150918","12.15","12.363","12.1401","12.17","94358"
"BWG","20150921","12.17","12.29","12.17","12.23","42926"
"BWG","20150922","12.1","12.2","12.05","12.09","87310"
"BWG","20150923","12.06","12.15","11.94","12","46218"
"BWG","20150924","11.82","12.0299","11.7606","12.02","72845"
"BWG","20150925","12","12.0992","11.79","11.87","67842"
"BWG","20150928","11.87","11.95","11.5628","11.6","82389"
"BWG","20150929","11.54","11.72","11.3405","11.71","130583"
"BWG","20150930","11.71","11.81","11.46","11.61","87754"
"BWG","20151001","11.58","11.69","11.56","11.6","57392"
"BWG","20151002","11.7","11.71","11.7","11.7","93930"
"BWG","20151005","11.7","12.13","11.7","12.13","135162"
"BWG","20151006","12.14","12.35","12.07","12.27","59232"
"BWG","20151007","12.24","12.45","12.24","12.4","69313"
"BWG","20151008","12.35","12.84","12.35","12.72","204805"
"BWG","20151009","12.75","12.9189","12.75","12.85","64248"
"BWG","20151012","12.93","13.2","12.86","13.09","159326"
"BWG","20151013","13.02","13.138","12.85","12.99","235325"
"BWG","20151014","12.99","13.164","12.69","12.84","236070"
"BWG","20151015","12.89","13","12.835","12.95","171733"
"BWG","20151016","12.97","13.05","12.9533","13.02","52640"
"BWG","20151019","12.97","13.2","12.94","13.18","51961"
"BWG","20151020","13.1","13.17","13.05","13.14","39596"
"BWG","20151021","12.93","12.96","12.82","12.83","43232"
"BWG","20151022","12.78","12.8392","12.7","12.8","17407"
"BWG","20151023","12.85","12.85","12.706","12.76","23009"
"BWG","20151026","12.76","12.7699","12.63","12.64","44309"
"BWG","20151027","12.67","12.78","12.61","12.73","60537"
"BWG","20151028","12.74","12.74","12.65","12.71","48168"
"BWG","20151029","12.73","12.74","12.53","12.62","31341"
"BWG","20151030","12.67","12.67","12.5","12.56","72766"
"BWG","20151102","12.58","12.7","12.5486","12.68","76729"
"BWG","20151103","12.63","12.73","12.57","12.73","36241"
"BWG","20151104","12.75","12.84","12.73","12.77","51997"
"BWG","20151105","12.81","12.81","12.7167","12.8","70597"
"BWG","20151106","12.73","12.7383","12.52","12.56","44646"
"BWG","20151109","12.54","12.54","12.17","12.18","52299"
"BWG","20151110","12.25","12.445","11.97","12.17","57353"
"BWG","20151111","12.17","12.25","12.03","12.1399","72940"
"BWG","20151112","12.13","12.13","12.13","12.13","43469"
"BWG","20151113","12.08","12.197","12.07","12.07","29727"
"BWG","20151116","12.05","12.08","11.93","11.96","74646"
"BWG","20151117","11.92","12.08","11.89","11.9","47360"
"BWG","20151118","11.84","11.94","11.78","11.82","103210"
"BWG","20151119","11.81","12.06","11.81","12.05","166811"
"BWG","20151120","12.04","12.11","12.01","12.04","59565"
"BWG","20151123","12.01","12.15","12.01","12.08","66211"
"BWG","20151124","12.07","12.1199","11.93","11.93","107140"
"BWG","20151125","11.92","12.2","11.91","12.2","85779"
"BWG","20151127","12.19","12.286","12.02","12.02","70774"
"BWG","20151130","12.05","12.26","12.04","12.15","146245"
"BWG","20151201","12.14","12.31","12.14","12.28","108427"
"BWG","20151202","12.2","12.32","12.19","12.23","104658"
"BWG","20151203","12.19","12.2774","12.11","12.13","82022"
"BWG","20151204","12.1","12.1499","12.03","12.05","46738"
"BWG","20151207","12.02","12.02","11.65","11.76","90901"
"BWG","20151208","11.7","11.87","11.7","11.76","63991"
"BWG","20151209","11.82","11.8899","11.62","11.68","80669"
"BWG","20151210","11.64","11.68","11.55","11.6","133048"
"BWG","20151211","11.52","11.52","11.11","11.23","141490"
"BWG","20151214","11.28","11.28","10.974","11.1","171529"
"BWG","20151215","11.1","11.38","10.98","11.34","218933"
"BWG","20151216","11.31","11.44","11.24","11.41","133999"
"BWG","20151217","11.41","11.54","11.405","11.44","90653"
"BWG","20151218","11.49","11.67","11.44","11.57","110837"
"BWG","20151221","11.57","11.78","11.56","11.59","101887"
"BWG","20151222","11.64","11.76","11.54","11.62","99793"
"BWG","20151223","11.62","11.8982","11.58","11.67","116533"
"BWG","20151224","11.74","11.87","11.66","11.74","51362"
"BWG","20151228","11.72","11.7799","11.6","11.61","138761"
"BWG","20151229","11.62","11.84","11.62","11.79","129743"
"BWG","20151230","11.69","11.7899","11.65","11.75","84319"
"BWG","20151231","11.65","11.73","11.54","11.58","529993"
"BWG","20160104","11.5","11.6","11.44","11.59","116402"
"BWG","20160105","11.59","11.62","11.5","11.58","79928"
"BWG","20160106","11.53","11.63","11.47","11.58","92543"
"BWG","20160107","11.51","11.5244","11.3801","11.45","51363"
"BWG","20160108","11.47","11.47","11.28","11.29","112309"
"BWG","20160111","11.3","11.3","11.1","11.16","139360"
"BWG","20160112","11.16","11.18","10.96","11.04","118860"
"BWG","20160113","11.08","11.18","10.76","10.77","144605"
"BWG","20160114","10.77","11.03","10.77","10.91","117930"
"BWG","20160115","10.84","10.84","10.54","10.72","140511"
"BWG","20160119","10.77","10.79","10.51","10.63","182220"
"BWG","20160120","10.5","10.5","10.15","10.28","123346"
"BWG","20160121","10.33","10.43","10.23","10.29","140404"
"BWG","20160122","10.37","10.45","10.28","10.45","96568"
"BWG","20160125","10.44","10.59","10.4","10.43","87991"
"BWG","20160126","10.47","10.63","10.46","10.58","139317"
"BWG","20160127","10.57","10.65","10.53","10.54","128726"
"BWG","20160128","10.62","10.79","10.56","10.79","126203"
"BWG","20160129","10.88","11.0299","10.84","10.93","85086"
"BWG","20160201","10.88","11.11","10.88","11.11","104370"
"BWG","20160202","11.1","11.11","10.9","10.9","89468"
"BWG","20160203","10.96","11.18","10.91","11.11","71738"
"BWG","20160204","11.17","11.31","11.13","11.27","62638"
"BWG","20160205","11.22","11.29","11.1803","11.22","85789"
"BWG","20160208","11.19","11.19","10.99","11.03","36596"
"BWG","20160209","10.92","11.045","10.77","10.77","65035"
"BWG","20160210","10.83","10.96","10.77","10.77","38518"
"BWG","20160211","10.69","10.88","10.69","10.79","54550"
"BWG","20160212","10.82","11.02","10.73","10.93","44599"
"BWG","20160216","11.01","11.09","10.9","10.97","129618"
"BWG","20160217","10.92","11.04","10.88","10.88","118834"
"BWG","20160218","10.83","11.1","10.82","10.91","122253"
"BWG","20160219","10.82","11.09","10.82","10.89","122133"
"BWG","20160222","11.04","11.14","10.9823","11.04","63428"
"BWG","20160223","11.09","11.16","10.99","11.03","139579"
"BWG","20160224","11.07","11.11","10.97","11.05","79286"
"BWG","20160225","11.08","11.27","11.05","11.23","91414"
"BWG","20160226","11.37","11.4186","11.18","11.27","96049"
"BWG","20160229","11.28","11.29","11.14","11.27","112194"
"BWG","20160301","11.28","11.57","11.28","11.45","74237"
"BWG","20160302","11.42","11.45","11.17","11.32","112569"
"BWG","20160303","11.33","11.41","11.27","11.37","92228"
"BWG","20160304","11.4","11.63","11.4","11.6","90251"
"BWG","20160307","11.52","11.69","11.52","11.62","77578"
"BWG","20160308","11.63","11.74","11.63","11.71","77233"
"BWG","20160309","11.77","11.86","11.74","11.74","119384"
"BWG","20160310","11.74","11.85","11.72","11.79","83081"
"BWG","20160311","11.8","11.98","11.8","11.98","112941"
"BWG","20160314","11.9","12.19","11.875","12.08","51710"
"BWG","20160315","12.03","12.06","11.83","11.91","160042"
"BWG","20160316","11.8","11.95","11.7601","11.88","115693"
"BWG","20160317","11.99","12.14","11.99","12.09","139535"
"BWG","20160318","12.16","12.34","12.16","12.34","154279"
"BWG","20160321","12.25","12.55","12.2368","12.52","188856"
"BWG","20160322","12.51","12.54","12.4","12.47","82613"
"BWG","20160323","12.5","12.53","12.34","12.34","91724"
"BWG","20160324","12.34","12.34","12.06","12.22","133456"
"BWG","20160328","12.26","12.27","12.06","12.13","52478"
"BWG","20160329","12.16","12.21","12.09","12.19","68009"
"BWG","20160330","12.23","12.44","12.23","12.33","48259"
"BWG","20160331","12.35","12.37","12.31","12.35","26458"
"BWG","20160401","12.28","12.33","12.25","12.33","44071"
"BWG","20160404","12.29","12.41","12.28","12.32","78153"
"BWG","20160405","12.27","12.38","12.24","12.36","95981"
"BWG","20160406","12.49","12.61","12.36","12.44","65370"
"BWG","20160407","12.35","12.36","12.09","12.31","81766"
"BWG","20160408","12.32","12.43","12.32","12.36","56407"
"BWG","20160411","12.42","12.47","12.33","12.38","39447"
"BWG","20160412","12.42","12.52","12.38","12.46","67433"
"BWG","20160413","12.51","12.51","12.39","12.42","87051"
"BWG","20160414","12.44","12.688","12.44","12.49","104663"
"BWG","20160415","12.48","12.619","12.44","12.58","77648"
"BWG","20160418","12.59","12.6899","12.575","12.66","31190"
"BWG","20160419","12.71","12.73","12.66","12.71","117374"
"BWG","20160420","12.53","12.61","12.5","12.58","123158"
"BWG","20160421","12.58","12.5901","12.48","12.5","78095"
"BWG","20160422","12.51","12.542","12.4002","12.469","84199"
"BWG","20160425","12.45","12.4501","12.26","12.31","73517"
"BWG","20160426","12.33","12.46","12.33","12.4","97515"
"BWG","20160427","12.38","12.45","12.36","12.45","66542"
"BWG","20160428","12.43","12.56","12.43","12.48","174156"
"BWG","20160429","12.48","12.55","12.4701","12.54","169920"
"BWG","20160502","12.59","12.609","12.53","12.53","67811"
"BWG","20160503","12.52","12.52","12.4","12.46","61737"
"BWG","20160504","12.42","12.58","12.32","12.32","94348"
"BWG","20160505","12.44","12.495","12.36","12.43","139516"
"BWG","20160506","12.46","12.47","12.36","12.45","120386"
"BWG","20160509","12.48","12.525","12.41","12.43","67596"
"BWG","20160510","12.51","12.55","12.453","12.49","122656"
"BWG","20160511","12.53","12.53","12.43","12.48","75709"
"BWG","20160512","12.49","12.58","12.42","12.42","87870"
"BWG","20160513","12.41","12.54","12.38","12.47","128275"
"BWG","20160516","12.46","12.65","12.46","12.56","151225"
"BWG","20160517","12.53","12.6","12.388","12.4","136162"
"BWG","20160518","12.3","12.34","12","12.15","142638"
"BWG","20160519","12.1","12.12","11.91","11.96","98972"
"BWG","20160520","12","12.1256","11.975","12.06","64782"
"BWG","20160523","12.05","12.13","11.981","12.06","127486"
"BWG","20160524","12.12","12.12","11.96","12.09","108152"
"BWG","20160525","12.12","12.15","12.08","12.11","64759"
"BWG","20160526","12.09","12.16","12.08","12.16","62575"
"BWG","20160527","12.19","12.22","12.08","12.11","102437"
"BWG","20160531","12.14","12.16","12.06","12.14","82537"
"BWG","20160601","12.11","12.25","12.11","12.25","65604"
"BWG","20160602","12.22","12.32","12.12","12.25","75157"
"BWG","20160603","12.24","12.48","12.24","12.47","50525"
"BWG","20160606","12.55","12.61","12.4101","12.6","98714"
"BWG","20160607","12.73","12.8","12.57","12.6599","79773"
"BWG","20160608","12.7","12.8599","12.68","12.84","95516"
"BWG","20160609","12.78","12.86","12.75","12.86","99622"
"BWG","20160610","12.8","12.82","12.7","12.78","64118"
"BWG","20160613","12.73","12.76","12.5","12.74","41589"
"BWG","20160614","12.71","12.74","12.5208","12.59","86763"
"BWG","20160615","12.47","12.81","12.42","12.6","105549"
"BWG","20160616","12.58","12.62","12.455","12.6","51257"
"BWG","20160617","12.64","12.78","12.55","12.56","62437"
"BWG","20160620","12.69","12.72","12.6601","12.69","45829"
"BWG","20160621","12.74","12.77","12.68","12.74","70570"
"BWG","20160622","12.78","12.7999","12.7","12.77","35485"
"BWG","20160623","12.87","12.88","12.79","12.84","87544"
"BWG","20160624","12.59","12.7169","12.51","12.69","162490"
"BWG","20160627","12.66","12.66","12.44","12.52","114261"
"BWG","20160628","12.62","12.76","12.62","12.72","154010"
"BWG","20160629","12.88","12.95","12.7708","12.92","85184"
"BWG","20160630","12.98","13","12.95","12.96","173004"
"BWG","20160701","13.02","13.18","13.02","13.13","95739"
"BWG","20160705","13","13.14","13","13.14","152364"
"BWG","20160706","13.14","13.2499","13.09","13.2","90066"
"BWG","20160707","13.27","13.3","13.186","13.29","75629"
"BWG","20160708","13.3","13.41","13.3","13.34","153921"
"BWG","20160711","13.35","13.48","13.35","13.47","102957"
"BWG","20160712","13.56","13.6299","13.47","13.52","163409"
"BWG","20160713","13.57","13.57","13.43","13.44","88899"
"BWG","20160714","13.55","13.5597","13.48","13.54","111240"
"BWG","20160715","13.55","13.55","13.28","13.36","108791"
"BWG","20160718","13.4","13.45","13.3","13.32","122413"
"BWG","20160719","13.32","13.3499","13.21","13.31","173813"
"BWG","20160720","13.27","13.36","13.221","13.32","89310"
"BWG","20160721","13.33","13.4","13.27","13.33","63851"
"BWG","20160722","13.33","13.34","13.26","13.32","49451"
"BWG","20160725","13.33","13.37","13.24","13.25","247851"
"BWG","20160726","13.34","13.34","13.24","13.24","97842"
"BWG","20160727","13.3","13.3936","13.2627","13.35","47465"
"BWG","20160728","13.35","13.36","13.3","13.36","42306"
"BWG","20160729","13.37","13.5798","13.3699","13.52","86275"
"BWG","20160801","13.53","13.6101","13.47","13.56","90813"
"BWG","20160802","13.38","13.47","13.28","13.42","185628"
"BWG","20160803","13.43","13.52","13.3421","13.49","247696"
"BWG","20160804","13.43","13.59","13.43","13.57","209304"
"BWG","20160805","13.59","13.62","13.56","13.59","86788"
"BWG","20160808","13.64","13.69","13.57","13.65","130865"
"BWG","20160809","13.7","13.89","13.675","13.85","128793"
"BWG","20160810","13.95","13.95","13.878","13.94","122708"
"BWG","20160811","13.95","14.11","13.925","13.97","84909"
"BWG","20160812","14.03","14.04","13.94","13.96","80453"
"BWG","20160815","14.01","14.1","14","14.07","50897"
"BWG","20160816","14.07","14.07","13.99","14.05","82694"
"BWG","20160817","14.02","14.05","13.788","13.87","125148"
"BWG","20160818","13.87","13.87","13.78","13.84","96479"
"BWG","20160819","13.9","13.9","13.63","13.74","166037"
"BWG","20160822","13.76","13.84","13.69","13.73","155997"
"BWG","20160823","13.71","13.84","13.67","13.76","115649"
"BWG","20160824","13.84","13.84","13.61","13.64","109939"
"BWG","20160825","13.69","13.73","13.64","13.68","64786"
"BWG","20160826","13.72","13.775","13.52","13.54","155366"
"BWG","20160829","13.6","13.6","13.3","13.53","111881"
"BWG","20160830","13.57","13.68","13.56","13.65","62442"
"BWG","20160831","13.72","13.74","13.65","13.66","53825"
"BWG","20160901","13.73","13.76","13.62","13.64","81078"
"BWG","20160902","13.73","13.76","13.64","13.72","70896"
"BWG","20160906","13.72","13.79","13.635","13.78","99626"
"BWG","20160907","13.82","13.95","13.806","13.93","119310"
"BWG","20160908","13.94","13.94","13.79","13.79","55564"
"BWG","20160909","13.74","13.74","13.43","13.5","48951"
"BWG","20160912","13.47","13.48","13.25","13.41","67588"
"BWG","20160913","13.36","13.36","13.03","13.28","110874"
"BWG","20160914","13.19","13.31","12.88","13.04","178465"
"BWG","20160915","13.08","13.12","13.0201","13.09","61830"
"BWG","20160916","13.17","13.17","13","13.06","47501"
"BWG","20160919","13.12","13.13","13.01","13.03","42671"
"BWG","20160920","13.1","13.26","13.065","13.21","74587"
"BWG","20160921","13.21","13.39","13.21","13.35","56612"
"BWG","20160922","13.48","13.6","13.38","13.46","162702"
"BWG","20160923","13.41","13.46","13.36","13.38","65070"
"BWG","20160926","13.35","13.38","13.25","13.3","84039"
"BWG","20160927","13.32","13.4426","13.28","13.44","90970"
"BWG","20160928","13.44","13.57","13.33","13.54","178304"
"BWG","20160929","13.53","13.59","13.44","13.53","149782"
"BWG","20160930","13.6","13.74","13.52","13.58","107172"
"BWG","20161003","13.53","13.605","13.48","13.58","77949"
"BWG","20161004","13.51","13.58","13.39","13.43","105856"
"BWG","20161005","13.5","13.5","13.35","13.42","186362"
"BWG","20161006","13.4","13.42","13.32","13.39","77966"
"BWG","20161007","13.39","13.395","13.2279","13.29","101808"
"BWG","20161010","13.3","13.43","13.21","13.33","119636"
"BWG","20161011","13.33","13.33","13.13","13.25","116844"
"BWG","20161012","13.25","13.25","13.16","13.21","56158"
"BWG","20161013","13.16","13.22","13.07","13.17","167225"
"BWG","20161014","13.24","13.24","13.04","13.19","115755"
"BWG","20161017","13.17","13.17","12.96","12.99","128900"
"BWG","20161018","13.07","13.25","13.02","13.1","71042"
"BWG","20161019","13.08","13.15","12.95","13.1","195103"
"BWG","20161020","13.08","13.16","13.02","13.16","57509"
"BWG","20161021","13.13","13.16","13.09","13.14","52712"
"BWG","20161024","13.15","13.26","13.15","13.21","84448"
"BWG","20161025","13.19","13.39","13.17","13.37","61883"
"BWG","20161026","13.3","13.36","13.18","13.23","123202"
"BWG","20161027","13.21","13.23","13.1","13.16","132125"
"BWG","20161028","13.19","13.19","12.981","13.04","118634"
"BWG","20161031","13.08","13.08","12.78","12.94","72917"
"BWG","20161101","12.99","12.99","12.77","12.84","58266"
"BWG","20161102","12.67","12.68","12.51","12.61","163578"
"BWG","20161103","12.66","12.69","12.52","12.56","53755"
"BWG","20161104","12.61","12.61","12.38","12.46","87437"
"BWG","20161107","12.54","12.65","12.47","12.51","139064"
"BWG","20161108","12.55","12.73","12.51","12.68","78934"
"BWG","20161109","12.61","12.61","12.36","12.36","121099"
"BWG","20161110","12.36","12.36","11.88","12.03","172152"
"BWG","20161111","11.98","11.98","11.75","11.77","192876"
"BWG","20161114","11.79","11.79","11.42","11.43","161081"
"BWG","20161115","11.44","11.7202","11.44","11.68","101510"
"BWG","20161116","11.63","11.66","11.5377","11.64","68274"
"BWG","20161117","11.64","11.6801","11.52","11.57","110174"
"BWG","20161118","11.62","11.64","11.56","11.56","59449"
"BWG","20161121","11.63","11.7","11.6166","11.68","85277"
"BWG","20161122","11.74","11.8","11.68","11.75","85011"
"BWG","20161123","11.7","11.7","11.61","11.63","29274"
"BWG","20161124","11.63","11.63","11.63","11.63","0"
"BWG","20161125","11.72","11.72","11.6122","11.66","49331"
"BWG","20161128","11.66","11.66","11.6","11.62","89530"
"BWG","20161129","11.64","11.7","11.58","11.67","42976"
"BWG","20161130","11.71","11.72","11.57","11.6211","65016"
"BWG","20161201","11.58","11.69","11.3601","11.46","192240"
"BWG","20161202","11.44","11.5","11.375","11.45","180398"
"BWG","20161205","11.5","11.52","11.4","11.5","200358"
"BWG","20161206","11.55","11.7","11.55","11.65","75625"
"BWG","20161207","11.68","11.94","11.68","11.87","92245"
"BWG","20161208","11.82","11.8999","11.79","11.82","126821"
"BWG","20161209","11.83","11.94","11.801","11.88","113425"
"BWG","20161212","11.84","11.8778","11.807","11.83","65982"
"BWG","20161213","11.9","11.9","11.7999","11.87","55533"
"BWG","20161214","11.81","11.92","11.74","11.74","108910"
"BWG","20161215","11.68","11.75","11.65","11.73","79699"
"BWG","20161216","11.7","11.732","11.56","11.69","111139"
"BWG","20161219","11.65","11.7","11.54","11.54","88697"
"BWG","20161220","11.59","11.81","11.59","11.69","118055"
"BWG","20161221","11.56","11.63","11.51","11.55","255440"
"BWG","20161222","11.51","11.65","11.51","11.58","111432"
"BWG","20161223","11.64","11.68","11.61","11.61","50511"
"BWG","20161227","11.68","11.74","11.6","11.64","81407"
"BWG","20161228","11.67","11.69","11.61","11.64","143267"
"BWG","20161229","11.7","11.76","11.66","11.71","88597"
"BWG","20161230","11.78","11.86","11.7607","11.83","98602"
"BWG","20170103","11.82","11.94","11.82","11.94","62084"
"BWG","20170104","11.95","12.02","11.9053","11.99","68307"
"BWG","20170105","11.82","12.1","11.82","12.07","92849"
"BWG","20170106","12.05","12.21","12.05","12.2","149159"
"BWG","20170109","12.14","12.1836","12.1","12.16","51971"
"BWG","20170110","12.18","12.2599","12.18","12.18","54339"
"BWG","20170111","12.18","12.19","12.08","12.1","74333"
"BWG","20170112","12.12","12.24","12.12","12.19","152610"
"BWG","20170113","12.21","12.25","12.18","12.22","46253"
"BWG","20170117","12.2","12.35","12.2","12.24","108522"
"BWG","20170118","12.17","12.28","12.16","12.1993","268253"
"BWG","20170119","12.17","12.23","11.96","12.03","210356"
"BWG","20170120","12.03","12.135","12.03","12.11","74763"
"BWG","20170123","12.14","12.267","12.13","12.22","106248"
"BWG","20170124","12.26","12.37","12.26","12.29","106772"
"BWG","20170125","12.32","12.34","12.23","12.28","130006"
"BWG","20170126","12.23","12.25","12.13","12.16","206259"
"BWG","20170127","12.17","12.28","12.17","12.23","112616"
"BWG","20170130","12.23","12.2834","12.21","12.22","149041"
"BWG","20170131","12.21","12.327","12.21","12.31","119876"
"BWG","20170201","12.4","12.4","12.25","12.29","94285"
"BWG","20170202","12.27","12.43","12.27","12.37","64084"
"BWG","20170203","12.37","12.48","12.37","12.42","115482"
"BWG","20170206","12.37","12.49","12.37","12.47","228187"
"BWG","20170207","12.45","12.62","12.42","12.56","121994"
"BWG","20170208","12.58","12.6","12.53","12.54","90757"
"BWG","20170209","12.52","12.5602","12.51","12.55","75631"
"BWG","20170210","12.53","12.57","12.52","12.53","53263"
"BWG","20170213","12.54","12.58","12.54","12.57","44351"
"BWG","20170214","12.54","12.61","12.45","12.55","131001"
"BWG","20170215","12.41","12.51","12.41","12.46","71064"
"BWG","20170216","12.43","12.5203","12.43","12.47","66557"
"BWG","20170217","12.42","12.47","12.39","12.4","94818"
"BWG","20170221","12.42","12.45","12.39","12.44","48812"
"BWG","20170222","12.42","12.53","12.41","12.53","104038"
"BWG","20170223","12.54","12.67","12.48","12.57","125726"
"BWG","20170224","12.59","12.72","12.55","12.69","280130"
"BWG","20170227","12.65","12.68","12.62","12.65","35323"
"BWG","20170228","12.67","12.67","12.58","12.59","34355"
"BWG","20170301","12.61","12.61","12.48","12.55","73025"
"BWG","20170302","12.52","12.545","12.41","12.44","60815"
"BWG","20170303","12.41","12.45","12.4014","12.41","94448"
"BWG","20170306","12.42","12.56","12.42","12.4999","36398"
"BWG","20170307","12.45","12.53","12.43","12.51","96419"
"BWG","20170308","12.47","12.47","12.35","12.36","36603"
"BWG","20170309","12.25","12.25","12.07","12.09","199918"
"BWG","20170310","12.14","12.16","12.02","12.07","311512"
"BWG","20170313","12.11","12.16","12.07","12.07","169515"
"BWG","20170314","12.01","12.09","12","12.06","170192"
"BWG","20170315","12.07","12.32","12.0415","12.31","137375"
"BWG","20170316","12.34","12.45","12.34","12.44","57770"
"BWG","20170317","12.46","12.51","12.43","12.45","91479"
"BWG","20170320","12.49","12.68","12.48","12.58","166478"
"BWG","20170321","12.6","12.71","12.58","12.66","122549"
"BWG","20170322","12.6","12.68","12.52","12.68","102221"
"BWG","20170323","12.66","12.85","12.62","12.85","152481"
"BWG","20170324","12.83","13","12.78","12.87","75348"
"BWG","20170327","12.84","12.9","12.77","12.88","150948"
"BWG","20170328","12.86","13","12.83","12.87","43796"
"BWG","20170329","12.91","13.01","12.83","12.85","75664"
"BWG","20170330","12.84","12.87","12.77","12.84","40768"
"BWG","20170331","12.84","12.87","12.73","12.78","53162"
"BWG","20170403","12.8","12.929","12.7692","12.9","115436"
"BWG","20170404","12.78","12.99","12.77","12.81","120977"
"BWG","20170405","12.83","12.9","12.78","12.8","66668"
"BWG","20170406","12.81","12.87","12.74","12.78","43931"
"BWG","20170407","12.79","12.86","12.7876","12.85","34340"
"BWG","20170410","12.86","12.94","12.84","12.93","39140"
"BWG","20170411","12.9","12.931","12.78","12.8","181887"
"BWG","20170412","12.81","12.94","12.81","12.92","81957"
"BWG","20170413","12.89","12.99","12.89","12.96","52185"
"BWG","20170417","12.98","13.08","12.98","13.01","43660"
"BWG","20170418","13.04","13.2","13.02","13.1","73547"
"BWG","20170419","13.02","13.06","12.94","12.99","65571"
"BWG","20170420","13.04","13.04","12.94","13.03","37384"
"BWG","20170421","13.03","13.03","12.92","13.01","52660"
"BWG","20170424","13.04","13.11","13.04","13.11","58899"
"BWG","20170425","13.1","13.15","13","13.11","64279"
"BWG","20170426","13.12","13.13","12.91","12.96","95241"
"BWG","20170427","12.98","12.9999","12.91","12.97","43015"
"BWG","20170428","12.95","13.04","12.95","13.02","38827"
"BWG","20170501","13.01","13.18","13.01","13.11","73039"
"BWG","20170502","13.13","13.14","13.0415","13.13","36176"
"BWG","20170503","13.13","13.2399","13.11","13.13","49885"
"BWG","20170504","13.11","13.11","13.01","13.02","32339"
"BWG","20170505","13.01","13.0699","13","13.02","47393"
"BWG","20170508","13","13.08","13","13.02","58905"
"BWG","20170509","13.05","13.05","12.9","12.91","40134"
"BWG","20170510","12.87","12.99","12.87","12.94","111716"
"BWG","20170511","12.9","12.98","12.9","12.94","47093"
"BWG","20170512","12.97","13.05","12.97","13.03","118515"
"BWG","20170515","13.06","13.17","13.06","13.14","71314"
"BWG","20170516","13.12","13.21","13.12","13.19","59874"
"BWG","20170517","13.07","13.13","13.03","13.05","104181"
"BWG","20170518","12.93","12.9755","12.84","12.88","120090"
"BWG","20170519","12.85","12.869","12.74","12.74","72043"
"BWG","20170522","12.8","12.8744","12.8","12.85","57779"
"BWG","20170523","12.84","12.98","12.84","12.91","48958"
"BWG","20170524","12.92","12.98","12.92","12.96","42589"
"BWG","20170525","12.98","13.05","12.96","12.97","29864"
"BWG","20170526","12.97","13.09","12.96","13.09","88380"
"BWG","20170530","13.09","13.13","13.0102","13.13","40840"
"BWG","20170531","13.1","13.21","13.1","13.16","47727"
"BWG","20170601","13.19","13.26","13.18","13.24","121981"
"BWG","20170602","13.24","13.339","13.24","13.32","38660"
"BWG","20170605","13.34","13.42","13.3168","13.38","72034"
"BWG","20170606","13.4","13.54","13.3902","13.46","140354"
"BWG","20170607","13.47","13.5","13.37","13.43","41804"
"BWG","20170608","13.44","13.4547","13.35","13.35","50721"
"BWG","20170609","13.37","13.41","13.32","13.39","36726"
"BWG","20170612","13.42","13.44","13.3444","13.44","30362"
"BWG","20170613","13.46","13.47","13.37","13.47","21422"
"BWG","20170614","13.45","13.57","13.42","13.45","58828"
"BWG","20170615","13.48","13.54","13.43","13.48","68956"
"BWG","20170616","13.52","13.57","13.48","13.51","29876"
"BWG","20170619","13.56","13.6","13.52","13.6","27233"
"BWG","20170620","13.53","13.555","13.4814","13.49","42039"
"BWG","20170621","13.45","13.5","13.37","13.39","106083"
"BWG","20170622","13.46","13.52","13.42","13.52","51036"
"BWG","20170623","13.54","13.54","13.43","13.51","37027"
"BWG","20170626","13.52","13.6","13.52","13.58","69256"
"BWG","20170627","13.55","13.58","13.45","13.48","55781"
"BWG","20170628","13.45","13.52","13.45","13.47","43421"
"BWG","20170629","13.42","13.44","13.21","13.21","79668"
"BWG","20170630","13.21","13.275","13.18","13.23","45423"
"BWG","20170703","13.29","13.31","13.22","13.26","26381"
"BWG","20170705","13.2","13.2","13.006","13.06","57371"
"BWG","20170706","13.09","13.09","12.93","12.97","99035"
"BWG","20170707","13.02","13.1","12.97","13.1","104026"
"BWG","20170710","13.11","13.29","13.11","13.21","89329"
"BWG","20170711","13.29","13.32","13.22","13.26","43364"
"BWG","20170712","13.32","13.39","13.31","13.38","49204"
"BWG","20170713","13.43","13.47","13.38","13.45","44517"
"BWG","20170714","13.54","13.57","13.43","13.55","59421"
"BWG","20170717","13.54","13.58","13.48","13.58","33276"
"BWG","20170718","13.6","13.63","13.5759","13.61","61429"
"BWG","20170719","13.55","13.67","13.54","13.61","53770"
"BWG","20170720","13.71","13.71","13.59","13.6","49058"
"BWG","20170721","13.63","13.71","13.604","13.71","60636"
"BWG","20170724","13.73","13.73","13.61","13.67","31744"
"BWG","20170725","13.67","13.67","13.53","13.54","35676"
"BWG","20170726","13.56","13.5798","13.45","13.52","46124"
"BWG","20170727","13.57","13.619","13.51","13.6","27060"
"BWG","20170728","13.55","13.59","13.49","13.52","29965"
"BWG","20170731","13.6","13.66","13.56","13.61","39872"
"BWG","20170801","13.65","13.74","13.56","13.6","72131"
"BWG","20170802","13.68","13.68","13.57","13.61","66894"
"BWG","20170803","13.68","13.72","13.645","13.71","115656"
"BWG","20170804","13.7","13.7","13.605","13.69","44860"
"BWG","20170807","13.7","13.7","13.62","13.67","31877"
"BWG","20170808","13.66","13.66","13.53","13.54","25081"
"BWG","20170809","13.39","13.4705","13.31","13.39","84206"
"BWG","20170810","13.39","13.39","13.17","13.26","149263"
"BWG","20170811","13.23","13.37","13.15","13.32","50377"
"BWG","20170814","13.39","13.4495","13.39","13.44","28201"
"BWG","20170815","13.46","13.46","13.35","13.41","43683"
"BWG","20170816","13.39","13.43","13.37","13.4","137725"
"BWG","20170817","13.36","13.47","13.36","13.39","38700"
"BWG","20170818","13.35","13.42","13.34","13.39","80062"
"BWG","20170821","13.38","13.45","13.3799","13.4","32850"
"BWG","20170822","13.44","13.49","13.43","13.48","61118"
"BWG","20170823","13.4","13.42","13.3453","13.42","45084"
"BWG","20170824","13.42","13.47","13.4","13.41","111780"
"BWG","20170825","13.46","13.64","13.42","13.52","42949"
"BWG","20170828","13.52","13.53","13.45","13.49","62309"
"BWG","20170829","13.49","13.51","13.4","13.42","79777"
"BWG","20170830","13.42","13.52","13.41","13.48","83940"
"BWG","20170831","13.51","13.57","13.4801","13.57","32168"
"BWG","20170901","13.58","13.59","13.535","13.59","56699"
"BWG","20170905","13.57","13.605","13.54","13.55","64556"
"BWG","20170906","13.6","13.62","13.54","13.61","38723"
"BWG","20170907","13.63","13.67","13.61","13.63","166469"
"BWG","20170908","13.64","13.673","13.59","13.65","113013"
"BWG","20170911","13.67","13.72","13.63","13.66","147992"
"BWG","20170912","13.68","13.72","13.62","13.72","70963"
"BWG","20170913","13.72","13.72","13.62","13.63","67109"
"BWG","20170914","13.59","13.62","13.5566","13.62","22023"
"BWG","20170915","13.63","13.64","13.59","13.6121","60926"
"BWG","20170918","13.62","13.64","13.605","13.64","31539"
"BWG","20170919","13.66","13.66","13.5702","13.61","52138"
"BWG","20170920","13.72","13.74","13.58","13.63","104799"
"BWG","20170921","13.6","13.6","13.51","13.53","36634"
"BWG","20170922","13.55","13.6","13.55","13.59","37013"
"BWG","20170925","13.59","13.6101","13.5399","13.56","53909"
"BWG","20170926","13.58","13.5897","13.55","13.55","40455"
"BWG","20170927","13.61","13.61","13.43","13.46","51441"
"BWG","20170928","13.48","13.5228","13.34","13.34","56822"
"BWG","20170929","13.4","13.44","13.36","13.44","44081"
"BWG","20171002","13.45","13.4911","13.38","13.44","173503"
"BWG","20171003","13.45","13.48","13.4","13.48","69065"
"BWG","20171004","13.41","13.447","13.4","13.42","128147"
"BWG","20171005","13.48","13.48","13.37","13.41","115432"
"BWG","20171006","13.48","13.48","13.29","13.33","97679"
"BWG","20171009","13.36","13.36","13.22","13.24","88786"
"BWG","20171010","13.27","13.28","13.22","13.2798","146510"
"BWG","20171011","13.29","13.32","13.25","13.29","72737"
"BWG","20171012","13.32","13.32","13.21","13.28","80590"
"BWG","20171013","13.29","13.32","13.27","13.29","89472"
